			|  Заголовок  |   Адрес   |  Данные   |КС|Хвост|
USER 003	F0 41 10 6A 12 01 00 10 02 00 01 00 02 6A F7 
PR-A 003	F0 41 10 6A 12 01 00 10 02 00 03 00 02 68 F7 
PR-b 003	F0 41 10 6A 12 01 00 10 02 00 04 00 02 67 F7 
PR-C 003	F0 41 10 6A 12 01 00 10 02 00 05 00 02 66 F7 
GM 003		F0 41 10 6A 12 01 00 10 02 00 06 00 02 65 F7 
XP-A 003	F0 41 10 6A 12 01 00 10 02 02 01 00 02 68 F7 
XP-B 003	F0 41 10 6A 12 01 00 10 02 02 04 00 02 65 F7 
XP-C 003	F0 41 10 6A 12 01 00 10 02 02 01 00 02 68 F7 
XP-D 003	F0 41 10 6A 12 01 00 10 02 02 04 00 02 65 F7  
